T	0	5	matrix0	in/in1.conf	out/out1.txt
C	6	3	4	3	4	5	1	
F	5
L	11001010111111011001	0.8385304451806013
0	4	1	1...01.....11...1.0.	0.32683665029001185
0	2	2	.10.00....11........	0.2925054096866066
0	0	3	0.....1......111....	0.24522464722826573
0	3	4	....1.1...1....00..1	0.23861469998769985
0	1	5	..0.1.0....1..0..0..	0.18326104878877345
L	11001010101111000001	0.7900141545375121
1	2	1	.11000....11........	0.33735210049359443
1	4	2	1...01.....11...1.0.	0.32683665029001185
1	0	3	1....01......111....	0.31034427140009224
1	3	4	....1.1...1...000..1	0.2740833720272772
1	1	5	..0.1.0...11..0..0..	0.23757777648381498
L	11000010011111000101	0.8211786255469848
2	2	1	.11000....11.......1	0.383693651072511
2	0	2	1...001......111....	0.37584192082188117
2	3	3	....1.1...11..000..0	0.34493645872570766
2	4	4	1...01.....11..01.0.	0.34481780615785157
2	1	5	..0.1.0..111..0..1..	0.3374122198999437
L	11100010011111001100	0.8617178282210399
3	2	1	.11000....01.1.....1	0.46009775192556546
3	0	2	1...001....1.111....	0.42889245745238125
3	4	3	10..01.....11..01.0.	0.3857860641874104
3	3	4	....111...11..000..0	0.3808840698776952
3	1	5	..0.1.0..111..0..1..	0.3374122198999437
L	10000011111111011101	0.9236963374592629
4	0	1	1...001.1..1.111....	0.48548346090788397
4	2	2	.11000....01.1.....1	0.46009775192556546
4	3	3	...0101...11..000..0	0.4284896117929443
4	4	4	10..01.....11..11.0.	0.42042755712613833
4	1	5	..0.1.0..111..0..1.1	0.38375377047886033
N	0	1	3	0	1	0
N	2	2	4	0	0	0
N	3	3	5	0	0	0
N	4	2	3	0	1	0
N	1	1	4	0	0	1
